RootBone: 46
BoneCount: 185
BoneName: mixamorig1:Neck
BoneIdx: 0
BoneParentIdx: 53
BoneChildrenCount: 1
1
1.000000 0.000000 -0.000000 0.000000
0.000000 1.000000 -0.000000 0.000000
-0.000000 -0.000000 1.000000 -0.000000
0.000000 0.000000 -0.000000 1.000000
1.000000 0.000000 -0.000000 0.000000
0.000000 1.000000 -0.000000 0.000000
-0.000000 -0.000000 1.000000 -0.000000
-0.001137 -0.973997 -0.017063 1.000000
BoneName: mixamorig1:Head
BoneIdx: 1
BoneParentIdx: 0
BoneChildrenCount: 1
54
1.000000 0.000000 -0.000000 0.000000
0.000000 1.000000 -0.000000 0.000000
-0.000000 -0.000000 1.000000 -0.000000
0.000000 0.175350 -0.011031 1.000000
1.000000 0.000000 -0.000000 0.000000
0.000000 1.000000 -0.000000 0.000000
-0.000000 -0.000000 1.000000 -0.000000
-0.001137 -1.149346 -0.006032 1.000000
BoneName: mixamorig1:Spine2
BoneIdx: 2
BoneParentIdx: 7
BoneChildrenCount: 3
51
55
107
1.000000 0.000000 -0.000000 0.000000
0.000000 1.000000 -0.000000 0.000000
-0.000000 -0.000000 1.000000 -0.000000
0.000000 0.103285 0.000000 1.000000
1.000000 0.000000 -0.000000 0.000000
0.000000 0.999450 -0.033175 0.000000
-0.000000 0.033175 0.999450 -0.000000
-0.001137 -0.857830 0.015259 1.000000
BoneName: mixamorig1:LeftShoulder
BoneIdx: 3
BoneParentIdx: 57
BoneChildrenCount: 1
58
1.000000 0.000000 -0.000000 0.000000
0.000000 1.000000 -0.000000 0.000000
-0.000000 -0.000000 1.000000 -0.000000
0.000000 0.000000 -0.000000 1.000000
-0.009791 0.935197 0.353993 0.000000
-0.033228 -0.354118 0.934610 0.000000
0.999400 -0.002611 0.034542 -0.000000
0.015316 0.291916 -0.911098 1.000000
BoneName: mixamorig1:RightShoulder
BoneIdx: 4
BoneParentIdx: 109
BoneChildrenCount: 1
110
1.000000 0.000000 -0.000000 0.000000
0.000000 1.000000 -0.000000 0.000000
-0.000000 -0.000000 1.000000 -0.000000
0.000000 0.000000 -0.000000 1.000000
-0.015376 -0.935197 -0.353793 0.000000
0.033239 -0.354117 0.934610 0.000000
-0.999329 0.002611 0.036530 -0.000000
-0.015298 0.293953 -0.910327 1.000000
BoneName: mixamorig1:RightArm
BoneIdx: 5
BoneParentIdx: 112
BoneChildrenCount: 1
113
1.000000 0.000000 -0.000000 0.000000
0.000000 1.000000 -0.000000 0.000000
-0.000000 -0.000000 1.000000 -0.000000
0.000000 0.000000 -0.000000 1.000000
-0.028830 -0.995587 -0.089301 0.000000
0.028141 -0.090111 0.995534 0.000000
-0.999188 0.026189 0.030614 -0.000000
-0.012569 -0.062082 -0.927820 1.000000
BoneName: mixamorig1:LeftArm
BoneIdx: 6
BoneParentIdx: 60
BoneChildrenCount: 1
61
1.000000 0.000000 -0.000000 0.000000
0.000000 1.000000 -0.000000 0.000000
-0.000000 -0.000000 1.000000 -0.000000
0.000000 0.000000 -0.000000 1.000000
-0.033338 0.995449 0.089270 0.000000
-0.024300 -0.090101 0.995636 0.000000
0.999149 0.031023 0.027193 -0.000000
0.010589 -0.064394 -0.928030 1.000000
BoneName: mixamorig1:Spine1
BoneIdx: 7
BoneParentIdx: 14
BoneChildrenCount: 1
2
1.000000 0.000000 -0.000000 0.000000
0.000000 1.000000 -0.000000 0.000000
-0.000000 -0.000000 1.000000 -0.000000
0.000000 0.090375 0.000000 1.000000
1.000000 0.000000 -0.000000 0.000000
0.000000 0.999450 -0.033175 0.000000
-0.000000 0.033175 0.999450 -0.000000
-0.001137 -0.754545 0.015259 1.000000
BoneName: mixamorig1:LeftForeArm
BoneIdx: 8
BoneParentIdx: 63
BoneChildrenCount: 1
64
1.000000 0.000000 -0.000000 0.000000
0.000000 1.000000 -0.000000 0.000000
-0.000000 -0.000000 1.000000 -0.000000
0.000000 0.000000 -0.000000 1.000000
0.031085 0.999462 0.010423 0.000000
-0.030074 -0.009488 0.999503 0.000000
0.999064 -0.031383 0.029763 -0.000000
-0.004499 -0.305762 -0.906727 1.000000
BoneName: mixamorig1:LeftHand
BoneIdx: 9
BoneParentIdx: 66
BoneChildrenCount: 4
67
77
87
97
1.000000 0.000000 -0.000000 0.000000
0.000000 1.000000 -0.000000 0.000000
-0.000000 -0.000000 1.000000 -0.000000
0.000000 0.000000 -0.000000 1.000000
0.018484 0.994420 0.103863 0.000000
0.027641 -0.104350 0.994157 0.000000
0.999447 -0.015505 -0.029416 -0.000000
-0.049887 -0.429183 -0.950193 1.000000
BoneName: mixamorig1:LeftHandRing1
BoneIdx: 10
BoneParentIdx: 99
BoneChildrenCount: 1
100
1.000000 0.000000 -0.000000 0.000000
0.000000 1.000000 -0.000000 0.000000
-0.000000 -0.000000 1.000000 -0.000000
0.000000 0.000000 -0.000000 1.000000
-0.285314 0.944117 0.165041 0.000000
0.058114 -0.154841 0.986229 0.000000
0.956671 0.290976 -0.010688 -0.000000
0.085176 -0.473286 -0.983253 1.000000
BoneName: mixamorig1:RightForeArm
BoneIdx: 11
BoneParentIdx: 115
BoneChildrenCount: 1
116
1.000000 0.000000 -0.000000 0.000000
0.000000 1.000000 -0.000000 0.000000
-0.000000 -0.000000 1.000000 -0.000000
0.000000 0.000000 -0.000000 1.000000
0.030478 -0.999480 -0.010510 0.000000
0.033454 -0.009488 0.999395 0.000000
-0.998975 -0.030812 0.033148 -0.000000
0.001186 -0.303506 -0.906708 1.000000
BoneName: mixamorig1:RightHand
BoneIdx: 12
BoneParentIdx: 118
BoneChildrenCount: 4
119
129
139
149
1.000000 0.000000 -0.000000 0.000000
0.000000 1.000000 -0.000000 0.000000
-0.000000 -0.000000 1.000000 -0.000000
0.000000 0.000000 -0.000000 1.000000
0.022437 -0.993523 -0.111394 0.000000
-0.002514 -0.111477 0.993764 0.000000
-0.999745 -0.022017 -0.004999 -0.000000
0.029399 -0.419926 -0.953922 1.000000
BoneName: mixamorig1:RightHandMiddle1
BoneIdx: 13
BoneParentIdx: 141
BoneChildrenCount: 1
142
1.000000 0.000000 -0.000000 0.000000
0.000000 1.000000 -0.000000 0.000000
-0.000000 -0.000000 1.000000 -0.000000
0.000000 0.000000 -0.000000 1.000000
-0.005467 -0.997223 -0.074274 0.000000
-0.005643 -0.074243 0.997224 0.000000
-0.999969 0.005871 -0.005222 -0.000000
0.013538 -0.567206 -0.933945 1.000000
BoneName: mixamorig1:Spine
BoneIdx: 14
BoneParentIdx: 50
BoneChildrenCount: 1
7
1.000000 0.000000 -0.000000 0.000000
0.000000 1.000000 -0.000000 0.000000
-0.000000 -0.000000 1.000000 -0.000000
0.000000 0.000000 -0.000000 1.000000
1.000000 0.000000 -0.000000 0.000000
0.000000 0.999450 -0.033175 0.000000
-0.000000 0.033175 0.999450 -0.000000
-0.001137 -0.664170 0.015259 1.000000
BoneName: mixamorig1:Hips
BoneIdx: 15
BoneParentIdx: 46
BoneChildrenCount: 3
48
159
172
1.000000 0.000000 -0.000000 0.000000
0.000000 1.000000 -0.000000 0.000000
-0.000000 -0.000000 1.000000 -0.000000
0.001137 0.582634 0.004214 1.000000
1.000000 0.000000 -0.000000 0.000000
0.000000 1.000000 -0.000000 0.000000
-0.000000 -0.000000 1.000000 -0.000000
-0.001137 -0.586889 -0.004214 1.000000
BoneName: mixamorig1:RightHandRing1
BoneIdx: 16
BoneParentIdx: 151
BoneChildrenCount: 1
152
1.000000 0.000000 -0.000000 0.000000
0.000000 1.000000 -0.000000 0.000000
-0.000000 -0.000000 1.000000 -0.000000
0.000000 0.000000 -0.000000 1.000000
-0.329067 -0.942173 -0.063441 0.000000
-0.041632 -0.052643 0.997745 0.000000
-0.943388 0.330966 -0.021902 -0.000000
-0.128531 -0.561325 -0.925219 1.000000
BoneName: mixamorig1:RightUpLeg
BoneIdx: 17
BoneParentIdx: 174
BoneChildrenCount: 1
175
1.000000 0.000000 -0.000000 0.000000
0.000000 1.000000 -0.000000 0.000000
-0.000000 -0.000000 1.000000 -0.000000
0.000000 0.000000 -0.000000 1.000000
-0.999509 -0.031330 -0.000000 0.000000
0.031329 -0.999469 -0.008995 0.000000
0.000282 -0.008991 0.999960 -0.000000
-0.113849 0.540605 0.000938 1.000000
BoneName: mixamorig1:LeftUpLeg
BoneIdx: 18
BoneParentIdx: 161
BoneChildrenCount: 1
162
1.000000 0.000000 -0.000000 0.000000
0.000000 1.000000 -0.000000 0.000000
-0.000000 -0.000000 1.000000 -0.000000
0.000000 0.000000 -0.000000 1.000000
-0.999509 0.031331 -0.000000 0.000000
-0.031331 -0.999502 -0.003868 0.000000
-0.000121 -0.003866 0.999993 -0.000000
0.116122 0.540527 -0.000607 1.000000
BoneName: mixamorig1:LeftLeg
BoneIdx: 19
BoneParentIdx: 164
BoneChildrenCount: 1
165
1.000000 0.000000 -0.000000 0.000000
0.000000 1.000000 -0.000000 0.000000
-0.000000 -0.000000 1.000000 -0.000000
0.000000 0.000000 -0.000000 1.000000
-0.999974 0.007261 0.000103 0.000000
-0.007261 -0.999810 -0.018088 0.000000
-0.000028 -0.018088 0.999836 -0.000000
0.108300 0.326206 0.004032 1.000000
BoneName: mixamorig1:LeftFoot
BoneIdx: 20
BoneParentIdx: 167
BoneChildrenCount: 1
168
1.000000 0.000000 -0.000000 0.000000
0.000000 1.000000 -0.000000 0.000000
-0.000000 -0.000000 1.000000 -0.000000
0.000000 0.000000 -0.000000 1.000000
-0.998653 0.043416 -0.028421 0.000000
-0.006321 -0.645391 -0.763827 0.000000
-0.051505 -0.762618 0.644795 -0.000000
0.107949 0.075430 0.100567 1.000000
BoneName: mixamorig1:LeftToeBase
BoneIdx: 21
BoneParentIdx: 170
BoneChildrenCount: 1
171
1.000000 0.000000 -0.000000 0.000000
0.000000 1.000000 -0.000000 0.000000
-0.000000 -0.000000 1.000000 -0.000000
0.000000 0.000000 -0.000000 1.000000
-0.996434 0.080077 -0.026587 0.000000
0.027305 0.007878 -0.999596 0.000000
-0.079835 -0.996758 -0.010037 -0.000000
0.103418 -0.147656 0.011870 1.000000
BoneName: mixamorig1:RightLeg
BoneIdx: 22
BoneParentIdx: 177
BoneChildrenCount: 1
178
1.000000 0.000000 -0.000000 0.000000
0.000000 1.000000 -0.000000 0.000000
-0.000000 -0.000000 1.000000 -0.000000
0.000000 0.000000 -0.000000 1.000000
-0.999974 -0.007261 -0.000035 0.000000
0.007261 -0.999879 -0.013790 0.000000
0.000065 -0.013790 0.999905 -0.000000
-0.106026 0.326239 0.002503 1.000000
BoneName: mixamorig1:RightFoot
BoneIdx: 23
BoneParentIdx: 180
BoneChildrenCount: 1
181
1.000000 0.000000 -0.000000 0.000000
0.000000 1.000000 -0.000000 0.000000
-0.000000 -0.000000 1.000000 -0.000000
0.000000 0.000000 -0.000000 1.000000
-0.998660 -0.043427 0.028151 0.000000
0.006544 -0.645553 -0.763687 0.000000
0.051338 -0.762480 0.644972 -0.000000
-0.105758 0.076307 0.099816 1.000000
BoneName: mixamorig1:RightToeBase
BoneIdx: 24
BoneParentIdx: 183
BoneChildrenCount: 1
184
1.000000 0.000000 -0.000000 0.000000
0.000000 1.000000 -0.000000 0.000000
-0.000000 -0.000000 1.000000 -0.000000
0.000000 0.000000 -0.000000 1.000000
-0.996524 -0.079270 0.025620 0.000000
-0.026319 0.007794 -0.999623 0.000000
0.079040 -0.996823 -0.009853 -0.000000
-0.101366 -0.146342 0.011736 1.000000
BoneName: mixamorig1:LeftHandMiddle1
BoneIdx: 25
BoneParentIdx: 89
BoneChildrenCount: 1
90
1.000000 0.000000 -0.000000 0.000000
0.000000 1.000000 -0.000000 0.000000
-0.000000 -0.000000 1.000000 -0.000000
0.000000 0.000000 -0.000000 1.000000
0.015119 0.995448 0.094104 0.000000
0.027994 -0.094499 0.995131 0.000000
0.999494 -0.012411 -0.029295 -0.000000
-0.047357 -0.551869 -0.945243 1.000000
BoneName: mixamorig1:LeftHandThumb1
BoneIdx: 26
BoneParentIdx: 69
BoneChildrenCount: 1
70
1.000000 0.000000 -0.000000 0.000000
0.000000 1.000000 -0.000000 0.000000
-0.000000 -0.000000 1.000000 -0.000000
0.000000 0.000000 -0.000000 1.000000
0.777415 0.556578 0.292997 0.000000
-0.062700 -0.394928 0.916570 0.000000
0.625856 -0.730926 -0.272125 -0.000000
-0.374990 0.026535 -0.976128 1.000000
BoneName: mixamorig1:LeftHandThumb2
BoneIdx: 27
BoneParentIdx: 72
BoneChildrenCount: 1
73
1.000000 0.000000 -0.000000 0.000000
0.000000 1.000000 -0.000000 0.000000
-0.000000 -0.000000 1.000000 -0.000000
0.000000 0.000000 -0.000000 1.000000
0.777415 0.548300 0.308210 0.000000
-0.062701 -0.420014 0.905349 0.000000
0.625855 -0.723157 -0.292146 -0.000000
-0.385166 0.015373 -0.976075 1.000000
BoneName: mixamorig1:LeftHandThumb3
BoneIdx: 28
BoneParentIdx: 75
BoneChildrenCount: 1
76
1.000000 0.000000 -0.000000 0.000000
0.000000 1.000000 -0.000000 0.000000
-0.000000 -0.000000 1.000000 -0.000000
0.000000 0.000000 -0.000000 1.000000
0.777415 0.516388 0.359124 0.000000
-0.062701 -0.504487 0.861140 0.000000
0.625855 -0.691980 -0.359818 -0.000000
-0.374908 0.072945 -0.973557 1.000000
BoneName: mixamorig1:LeftHandIndex1
BoneIdx: 29
BoneParentIdx: 79
BoneChildrenCount: 1
80
1.000000 0.000000 -0.000000 0.000000
0.000000 1.000000 -0.000000 0.000000
-0.000000 -0.000000 1.000000 -0.000000
0.000000 0.000000 -0.000000 1.000000
0.330238 0.942728 0.046976 0.000000
-0.006573 -0.047470 0.998851 0.000000
0.943875 -0.330167 -0.009480 -0.000000
-0.187550 -0.564023 -0.916505 1.000000
BoneName: mixamorig1:LeftHandRing2
BoneIdx: 30
BoneParentIdx: 102
BoneChildrenCount: 1
103
1.000000 0.000000 -0.000000 0.000000
0.000000 1.000000 -0.000000 0.000000
-0.000000 -0.000000 1.000000 -0.000000
0.000000 0.000000 -0.000000 1.000000
-0.285313 0.956642 0.058591 0.000000
0.058114 -0.043752 0.997351 0.000000
0.956671 0.287962 -0.043112 -0.000000
0.085341 -0.614596 -0.920384 1.000000
BoneName: mixamorig1:LeftHandIndex2
BoneIdx: 31
BoneParentIdx: 82
BoneChildrenCount: 1
83
1.000000 0.000000 -0.000000 0.000000
0.000000 1.000000 -0.000000 0.000000
-0.000000 -0.000000 1.000000 -0.000000
0.000000 0.000000 -0.000000 1.000000
0.330238 0.943532 0.026294 0.000000
-0.006573 -0.025557 0.999652 0.000000
0.943875 -0.330296 -0.002238 -0.000000
-0.187549 -0.622061 -0.903082 1.000000
BoneName: mixamorig1:LeftHandMiddle2
BoneIdx: 32
BoneParentIdx: 92
BoneChildrenCount: 1
93
1.000000 0.000000 -0.000000 0.000000
0.000000 1.000000 -0.000000 0.000000
-0.000000 -0.000000 1.000000 -0.000000
0.000000 0.000000 -0.000000 1.000000
0.015119 0.999457 0.029262 0.000000
0.027994 -0.029677 0.999167 0.000000
0.999494 -0.014287 -0.028428 -0.000000
-0.047321 -0.650242 -0.904927 1.000000
BoneName: mixamorig1:LeftHandRing3
BoneIdx: 33
BoneParentIdx: 105
BoneChildrenCount: 1
106
1.000000 0.000000 -0.000000 0.000000
0.000000 1.000000 -0.000000 0.000000
-0.000000 -0.000000 1.000000 -0.000000
0.000000 0.000000 -0.000000 1.000000
-0.285313 0.954501 -0.086739 0.000000
0.058114 0.107563 0.992498 0.000000
0.956671 0.278132 -0.086159 -0.000000
0.085334 -0.778320 -0.812029 1.000000
BoneName: mixamorig1:LeftHandIndex3
BoneIdx: 34
BoneParentIdx: 85
BoneChildrenCount: 1
86
1.000000 0.000000 -0.000000 0.000000
0.000000 1.000000 -0.000000 0.000000
-0.000000 -0.000000 1.000000 -0.000000
0.000000 0.000000 -0.000000 1.000000
0.330238 0.940648 0.078257 0.000000
-0.006573 -0.080614 0.996724 0.000000
0.943875 -0.329670 -0.020439 -0.000000
-0.187541 -0.606939 -0.937959 1.000000
BoneName: mixamorig1:LeftHandMiddle3
BoneIdx: 35
BoneParentIdx: 95
BoneChildrenCount: 1
96
1.000000 0.000000 -0.000000 0.000000
0.000000 1.000000 -0.000000 0.000000
-0.000000 -0.000000 1.000000 -0.000000
0.000000 0.000000 -0.000000 1.000000
0.015119 0.999886 -0.000160 0.000000
0.027994 -0.000264 0.999608 0.000000
0.999494 -0.015117 -0.027995 -0.000000
-0.047335 -0.715220 -0.884264 1.000000
BoneName: mixamorig1:RightHandThumb1
BoneIdx: 36
BoneParentIdx: 121
BoneChildrenCount: 1
122
1.000000 0.000000 -0.000000 0.000000
0.000000 1.000000 -0.000000 0.000000
-0.000000 -0.000000 1.000000 -0.000000
0.000000 0.000000 -0.000000 1.000000
0.753738 -0.582165 -0.304899 0.000000
0.081208 -0.377888 0.922283 0.000000
-0.652138 -0.719920 -0.237552 -0.000000
0.345027 -0.000193 -0.987346 1.000000
BoneName: mixamorig1:RightHandIndex1
BoneIdx: 37
BoneParentIdx: 131
BoneChildrenCount: 1
132
1.000000 0.000000 -0.000000 0.000000
0.000000 1.000000 -0.000000 0.000000
-0.000000 -0.000000 1.000000 -0.000000
0.000000 0.000000 -0.000000 1.000000
0.338271 -0.940110 -0.042015 0.000000
0.033187 -0.032702 0.998914 0.000000
-0.940463 -0.339298 0.020137 -0.000000
0.168167 -0.571289 -0.912331 1.000000
BoneName: mixamorig1:RightHandThumb2
BoneIdx: 38
BoneParentIdx: 124
BoneChildrenCount: 1
125
1.000000 0.000000 -0.000000 0.000000
0.000000 1.000000 -0.000000 0.000000
-0.000000 -0.000000 1.000000 -0.000000
0.000000 0.000000 -0.000000 1.000000
0.753738 -0.552620 -0.355654 0.000000
0.081209 -0.458716 0.884864 0.000000
-0.652138 -0.695838 -0.300874 -0.000000
0.355533 0.050742 -0.986757 1.000000
BoneName: mixamorig1:RightHandRing2
BoneIdx: 39
BoneParentIdx: 154
BoneChildrenCount: 1
155
1.000000 0.000000 -0.000000 0.000000
0.000000 1.000000 -0.000000 0.000000
-0.000000 -0.000000 1.000000 -0.000000
0.000000 0.000000 -0.000000 1.000000
-0.329066 -0.944028 -0.022927 0.000000
-0.041632 -0.009752 0.999085 0.000000
-0.943388 0.329720 -0.036093 -0.000000
-0.128490 -0.634632 -0.898798 1.000000
BoneName: mixamorig1:RightHandIndex2
BoneIdx: 40
BoneParentIdx: 134
BoneChildrenCount: 1
135
1.000000 0.000000 -0.000000 0.000000
0.000000 1.000000 -0.000000 0.000000
-0.000000 -0.000000 1.000000 -0.000000
0.000000 0.000000 -0.000000 1.000000
0.338270 -0.940971 -0.012109 0.000000
0.033187 -0.000931 0.999449 0.000000
-0.940463 -0.338486 0.030913 -0.000000
0.168030 -0.639444 -0.892455 1.000000
BoneName: mixamorig1:RightHandThumb3
BoneIdx: 41
BoneParentIdx: 127
BoneChildrenCount: 1
128
1.000000 0.000000 -0.000000 0.000000
0.000000 1.000000 -0.000000 0.000000
-0.000000 -0.000000 1.000000 -0.000000
0.000000 0.000000 -0.000000 1.000000
0.753738 -0.532732 -0.384806 0.000000
0.081209 -0.505554 0.858965 0.000000
-0.652138 -0.678684 -0.337793 -0.000000
0.343001 0.067913 -0.984530 1.000000
BoneName: mixamorig1:RightHandMiddle2
BoneIdx: 42
BoneParentIdx: 144
BoneChildrenCount: 1
145
1.000000 0.000000 -0.000000 0.000000
0.000000 1.000000 -0.000000 0.000000
-0.000000 -0.000000 1.000000 -0.000000
0.000000 0.000000 -0.000000 1.000000
-0.005467 -0.999451 -0.032667 0.000000
-0.005643 -0.032636 0.999451 0.000000
-0.999969 0.005648 -0.005462 -0.000000
0.013551 -0.645813 -0.907830 1.000000
BoneName: mixamorig1:RightHandRing3
BoneIdx: 43
BoneParentIdx: 157
BoneChildrenCount: 1
158
1.000000 0.000000 -0.000000 0.000000
0.000000 1.000000 -0.000000 0.000000
-0.000000 -0.000000 1.000000 -0.000000
0.000000 0.000000 -0.000000 1.000000
-0.329067 -0.893861 -0.304513 0.000000
-0.041632 -0.308426 0.950337 0.000000
-0.943388 0.325402 0.064280 -0.000000
-0.128384 -0.367923 -1.057459 1.000000
BoneName: mixamorig1:RightHandIndex3
BoneIdx: 44
BoneParentIdx: 137
BoneChildrenCount: 1
138
1.000000 0.000000 -0.000000 0.000000
0.000000 1.000000 -0.000000 0.000000
-0.000000 -0.000000 1.000000 -0.000000
0.000000 0.000000 -0.000000 1.000000
0.338271 -0.865806 -0.368719 0.000000
0.033187 -0.380598 0.924145 0.000000
-0.940463 -0.324848 -0.100011 -0.000000
0.167830 -0.285526 -1.082086 1.000000
BoneName: mixamorig1:RightHandMiddle3
BoneIdx: 45
BoneParentIdx: 147
BoneChildrenCount: 1
148
1.000000 0.000000 -0.000000 0.000000
0.000000 1.000000 -0.000000 0.000000
-0.000000 -0.000000 1.000000 -0.000000
0.000000 0.000000 -0.000000 1.000000
-0.005467 -0.999750 0.021679 0.000000
-0.005643 0.021710 0.999748 0.000000
-0.999969 0.005343 -0.005760 -0.000000
0.013551 -0.732371 -0.869326 1.000000
BoneName: RootNode
BoneIdx: 46
BoneParentIdx: -1
BoneChildrenCount: 2
47
15
1.000000 0.000000 -0.000000 0.000000
0.000000 1.000000 -0.000000 0.000000
-0.000000 -0.000000 1.000000 -0.000000
0.000000 0.000000 -0.000000 1.000000
1.000000 0.000000 0.000000 0.000000
0.000000 1.000000 0.000000 0.000000
0.000000 0.000000 1.000000 0.000000
0.000000 0.000000 0.000000 1.000000
BoneName: Ch19
BoneIdx: 47
BoneParentIdx: 46
BoneChildrenCount: 0
1.000000 0.000000 -0.000000 0.000000
0.000000 1.000000 -0.000000 0.000000
-0.000000 -0.000000 1.000000 -0.000000
0.000000 0.000000 -0.000000 1.000000
1.000000 0.000000 0.000000 0.000000
0.000000 1.000000 0.000000 0.000000
0.000000 0.000000 1.000000 0.000000
0.000000 0.000000 0.000000 1.000000
BoneName: mixamorig1:Spine_$AssimpFbx$_Translation
BoneIdx: 48
BoneParentIdx: 15
BoneChildrenCount: 1
49
1.000000 0.000000 -0.000000 0.000000
0.000000 1.000000 -0.000000 0.000000
-0.000000 -0.000000 1.000000 -0.000000
0.000000 0.077421 0.002570 1.000000
1.000000 0.000000 0.000000 0.000000
0.000000 1.000000 0.000000 0.000000
0.000000 0.000000 1.000000 0.000000
0.000000 0.000000 0.000000 1.000000
BoneName: mixamorig1:Spine_$AssimpFbx$_PreRotation
BoneIdx: 49
BoneParentIdx: 48
BoneChildrenCount: 1
50
1.000000 0.000000 -0.000000 0.000000
0.000000 0.999450 0.033175 0.000000
-0.000000 -0.033175 0.999450 -0.000000
0.000000 0.000000 -0.000000 1.000000
1.000000 0.000000 0.000000 0.000000
0.000000 1.000000 0.000000 0.000000
0.000000 0.000000 1.000000 0.000000
0.000000 0.000000 0.000000 1.000000
BoneName: mixamorig1:Spine_$AssimpFbx$_Rotation
BoneIdx: 50
BoneParentIdx: 49
BoneChildrenCount: 1
14
1.000000 0.000000 -0.000000 0.000000
0.000000 1.000000 -0.000000 0.000000
-0.000000 -0.000000 1.000000 -0.000000
0.000000 0.000000 -0.000000 1.000000
1.000000 0.000000 0.000000 0.000000
0.000000 1.000000 0.000000 0.000000
0.000000 0.000000 1.000000 0.000000
0.000000 0.000000 0.000000 1.000000
BoneName: mixamorig1:Neck_$AssimpFbx$_Translation
BoneIdx: 51
BoneParentIdx: 2
BoneChildrenCount: 1
52
1.000000 0.000000 -0.000000 0.000000
0.000000 1.000000 -0.000000 0.000000
-0.000000 -0.000000 1.000000 -0.000000
0.000000 0.116196 -0.000000 1.000000
1.000000 0.000000 0.000000 0.000000
0.000000 1.000000 0.000000 0.000000
0.000000 0.000000 1.000000 0.000000
0.000000 0.000000 0.000000 1.000000
BoneName: mixamorig1:Neck_$AssimpFbx$_PreRotation
BoneIdx: 52
BoneParentIdx: 51
BoneChildrenCount: 1
53
1.000000 0.000000 -0.000000 0.000000
0.000000 0.999450 -0.033175 0.000000
-0.000000 0.033175 0.999450 -0.000000
0.000000 0.000000 -0.000000 1.000000
1.000000 0.000000 0.000000 0.000000
0.000000 1.000000 0.000000 0.000000
0.000000 0.000000 1.000000 0.000000
0.000000 0.000000 0.000000 1.000000
BoneName: mixamorig1:Neck_$AssimpFbx$_Rotation
BoneIdx: 53
BoneParentIdx: 52
BoneChildrenCount: 1
0
1.000000 0.000000 -0.000000 0.000000
0.000000 1.000000 -0.000000 0.000000
-0.000000 -0.000000 1.000000 -0.000000
0.000000 0.000000 -0.000000 1.000000
1.000000 0.000000 0.000000 0.000000
0.000000 1.000000 0.000000 0.000000
0.000000 0.000000 1.000000 0.000000
0.000000 0.000000 0.000000 1.000000
BoneName: mixamorig1:HeadTop_End
BoneIdx: 54
BoneParentIdx: 1
BoneChildrenCount: 0
1.000000 0.000000 -0.000000 0.000000
0.000000 1.000000 -0.000000 0.000000
-0.000000 -0.000000 1.000000 -0.000000
0.000000 0.435590 -0.027403 1.000000
1.000000 0.000000 0.000000 0.000000
0.000000 1.000000 0.000000 0.000000
0.000000 0.000000 1.000000 0.000000
0.000000 0.000000 0.000000 1.000000
BoneName: mixamorig1:LeftShoulder_$AssimpFbx$_Translation
BoneIdx: 55
BoneParentIdx: 2
BoneChildrenCount: 1
56
1.000000 0.000000 -0.000000 0.000000
0.000000 1.000000 -0.000000 0.000000
-0.000000 -0.000000 1.000000 -0.000000
0.048535 0.097608 0.000481 1.000000
1.000000 0.000000 0.000000 0.000000
0.000000 1.000000 0.000000 0.000000
0.000000 0.000000 1.000000 0.000000
0.000000 0.000000 0.000000 1.000000
BoneName: mixamorig1:LeftShoulder_$AssimpFbx$_PreRotation
BoneIdx: 56
BoneParentIdx: 55
BoneChildrenCount: 1
57
-0.009791 -0.000055 0.999952 0.000000
0.935197 -0.354009 0.009138 0.000000
0.353992 0.935242 0.003518 -0.000000
0.000000 0.000000 -0.000000 1.000000
1.000000 0.000000 0.000000 0.000000
0.000000 1.000000 0.000000 0.000000
0.000000 0.000000 1.000000 0.000000
0.000000 0.000000 0.000000 1.000000
BoneName: mixamorig1:LeftShoulder_$AssimpFbx$_Rotation
BoneIdx: 57
BoneParentIdx: 56
BoneChildrenCount: 1
3
1.000000 0.000000 -0.000000 0.000000
0.000000 1.000000 -0.000000 0.000000
-0.000000 -0.000000 1.000000 -0.000000
0.000000 0.000000 -0.000000 1.000000
1.000000 0.000000 0.000000 0.000000
0.000000 1.000000 0.000000 0.000000
0.000000 0.000000 1.000000 0.000000
0.000000 0.000000 0.000000 1.000000
BoneName: mixamorig1:LeftArm_$AssimpFbx$_Translation
BoneIdx: 58
BoneParentIdx: 3
BoneChildrenCount: 1
59
1.000000 0.000000 -0.000000 0.000000
0.000000 1.000000 -0.000000 0.000000
-0.000000 -0.000000 1.000000 -0.000000
0.000000 0.104392 -0.000000 1.000000
1.000000 0.000000 0.000000 0.000000
0.000000 1.000000 0.000000 0.000000
0.000000 0.000000 1.000000 0.000000
0.000000 0.000000 0.000000 1.000000
BoneName: mixamorig1:LeftArm_$AssimpFbx$_PreRotation
BoneIdx: 59
BoneParentIdx: 58
BoneChildrenCount: 1
60
0.999683 -0.025181 0.000000 0.000000
0.024251 0.962767 0.269244 0.000000
-0.006780 -0.269159 0.963072 -0.000000
0.000000 0.000000 -0.000000 1.000000
1.000000 0.000000 0.000000 0.000000
0.000000 1.000000 0.000000 0.000000
0.000000 0.000000 1.000000 0.000000
0.000000 0.000000 0.000000 1.000000
BoneName: mixamorig1:LeftArm_$AssimpFbx$_Rotation
BoneIdx: 60
BoneParentIdx: 59
BoneChildrenCount: 1
6
1.000000 0.000000 -0.000000 0.000000
0.000000 1.000000 -0.000000 0.000000
-0.000000 -0.000000 1.000000 -0.000000
0.000000 0.000000 -0.000000 1.000000
1.000000 0.000000 0.000000 0.000000
0.000000 1.000000 0.000000 0.000000
0.000000 0.000000 1.000000 0.000000
0.000000 0.000000 0.000000 1.000000
BoneName: mixamorig1:LeftForeArm_$AssimpFbx$_Translation
BoneIdx: 61
BoneParentIdx: 6
BoneChildrenCount: 1
62
1.000000 0.000000 -0.000000 0.000000
0.000000 1.000000 -0.000000 0.000000
-0.000000 -0.000000 1.000000 -0.000000
0.000000 0.168656 0.000000 1.000000
1.000000 0.000000 0.000000 0.000000
0.000000 1.000000 0.000000 0.000000
0.000000 0.000000 1.000000 0.000000
0.000000 0.000000 0.000000 1.000000
BoneName: mixamorig1:LeftForeArm_$AssimpFbx$_PreRotation
BoneIdx: 62
BoneParentIdx: 61
BoneChildrenCount: 1
63
0.997908 0.064647 -0.000000 0.000000
-0.064446 0.994796 0.078922 0.000000
0.005102 -0.078757 0.996881 -0.000000
0.000000 0.000000 -0.000000 1.000000
1.000000 0.000000 0.000000 0.000000
0.000000 1.000000 0.000000 0.000000
0.000000 0.000000 1.000000 0.000000
0.000000 0.000000 0.000000 1.000000
BoneName: mixamorig1:LeftForeArm_$AssimpFbx$_Rotation
BoneIdx: 63
BoneParentIdx: 62
BoneChildrenCount: 1
8
1.000000 0.000000 -0.000000 0.000000
0.000000 1.000000 -0.000000 0.000000
-0.000000 -0.000000 1.000000 -0.000000
0.000000 0.000000 -0.000000 1.000000
1.000000 0.000000 0.000000 0.000000
0.000000 1.000000 0.000000 0.000000
0.000000 0.000000 1.000000 0.000000
0.000000 0.000000 0.000000 1.000000
BoneName: mixamorig1:LeftHand_$AssimpFbx$_Translation
BoneIdx: 64
BoneParentIdx: 8
BoneChildrenCount: 1
65
1.000000 0.000000 -0.000000 0.000000
0.000000 1.000000 -0.000000 0.000000
-0.000000 -0.000000 1.000000 -0.000000
0.000000 0.211326 0.000000 1.000000
1.000000 0.000000 0.000000 0.000000
0.000000 1.000000 0.000000 0.000000
0.000000 0.000000 1.000000 0.000000
0.000000 0.000000 0.000000 1.000000
BoneName: mixamorig1:LeftHand_$AssimpFbx$_PreRotation
BoneIdx: 65
BoneParentIdx: 64
BoneChildrenCount: 1
66
0.998255 -0.013154 0.057567 0.000000
0.018559 0.995362 -0.094394 0.000000
-0.056058 0.095297 0.993869 -0.000000
0.000000 0.000000 -0.000000 1.000000
1.000000 0.000000 0.000000 0.000000
0.000000 1.000000 0.000000 0.000000
0.000000 0.000000 1.000000 0.000000
0.000000 0.000000 0.000000 1.000000
BoneName: mixamorig1:LeftHand_$AssimpFbx$_Rotation
BoneIdx: 66
BoneParentIdx: 65
BoneChildrenCount: 1
9
1.000000 0.000000 -0.000000 0.000000
0.000000 1.000000 -0.000000 0.000000
-0.000000 -0.000000 1.000000 -0.000000
0.000000 0.000000 -0.000000 1.000000
1.000000 0.000000 0.000000 0.000000
0.000000 1.000000 0.000000 0.000000
0.000000 0.000000 1.000000 0.000000
0.000000 0.000000 0.000000 1.000000
BoneName: mixamorig1:LeftHandThumb1_$AssimpFbx$_Translation
BoneIdx: 67
BoneParentIdx: 9
BoneChildrenCount: 1
68
1.000000 0.000000 -0.000000 0.000000
0.000000 1.000000 -0.000000 0.000000
-0.000000 -0.000000 1.000000 -0.000000
-0.026652 0.038611 -0.014899 1.000000
1.000000 0.000000 0.000000 0.000000
0.000000 1.000000 0.000000 0.000000
0.000000 0.000000 1.000000 0.000000
0.000000 0.000000 0.000000 1.000000
BoneName: mixamorig1:LeftHandThumb1_$AssimpFbx$_PreRotation
BoneIdx: 68
BoneParentIdx: 67
BoneChildrenCount: 1
69
0.638146 0.769916 0.000000 0.000000
-0.731151 0.606015 -0.313312 0.000000
-0.241223 0.199938 0.949650 -0.000000
0.000000 0.000000 -0.000000 1.000000
1.000000 0.000000 0.000000 0.000000
0.000000 1.000000 0.000000 0.000000
0.000000 0.000000 1.000000 0.000000
0.000000 0.000000 0.000000 1.000000
BoneName: mixamorig1:LeftHandThumb1_$AssimpFbx$_Rotation
BoneIdx: 69
BoneParentIdx: 68
BoneChildrenCount: 1
26
1.000000 0.000000 -0.000000 0.000000
0.000000 1.000000 -0.000000 0.000000
-0.000000 -0.000000 1.000000 -0.000000
0.000000 0.000000 -0.000000 1.000000
1.000000 0.000000 0.000000 0.000000
0.000000 1.000000 0.000000 0.000000
0.000000 0.000000 1.000000 0.000000
0.000000 0.000000 0.000000 1.000000
BoneName: mixamorig1:LeftHandThumb2_$AssimpFbx$_Translation
BoneIdx: 70
BoneParentIdx: 26
BoneChildrenCount: 1
71
1.000000 0.000000 -0.000000 0.000000
0.000000 1.000000 -0.000000 0.000000
-0.000000 -0.000000 1.000000 -0.000000
0.010176 0.038043 -0.000000 1.000000
1.000000 0.000000 0.000000 0.000000
0.000000 1.000000 0.000000 0.000000
0.000000 0.000000 1.000000 0.000000
0.000000 0.000000 0.000000 1.000000
BoneName: mixamorig1:LeftHandThumb2_$AssimpFbx$_PreRotation
BoneIdx: 71
BoneParentIdx: 70
BoneChildrenCount: 1
72
1.000000 0.000000 -0.000000 0.000000
0.000000 0.999621 -0.027533 0.000000
-0.000000 0.027533 0.999621 -0.000000
0.000000 0.000000 -0.000000 1.000000
1.000000 0.000000 0.000000 0.000000
0.000000 1.000000 0.000000 0.000000
0.000000 0.000000 1.000000 0.000000
0.000000 0.000000 0.000000 1.000000
BoneName: mixamorig1:LeftHandThumb2_$AssimpFbx$_Rotation
BoneIdx: 72
BoneParentIdx: 71
BoneChildrenCount: 1
27
1.000000 0.000000 -0.000000 0.000000
0.000000 1.000000 -0.000000 0.000000
-0.000000 -0.000000 1.000000 -0.000000
0.000000 0.000000 -0.000000 1.000000
1.000000 0.000000 0.000000 0.000000
0.000000 1.000000 0.000000 0.000000
0.000000 0.000000 1.000000 0.000000
0.000000 0.000000 0.000000 1.000000
BoneName: mixamorig1:LeftHandThumb3_$AssimpFbx$_Translation
BoneIdx: 73
BoneParentIdx: 27
BoneChildrenCount: 1
74
1.000000 0.000000 -0.000000 0.000000
0.000000 1.000000 -0.000000 0.000000
-0.000000 -0.000000 1.000000 -0.000000
-0.010257 0.035659 0.000000 1.000000
1.000000 0.000000 0.000000 0.000000
0.000000 1.000000 0.000000 0.000000
0.000000 0.000000 1.000000 0.000000
0.000000 0.000000 0.000000 1.000000
BoneName: mixamorig1:LeftHandThumb3_$AssimpFbx$_PreRotation
BoneIdx: 74
BoneParentIdx: 73
BoneChildrenCount: 1
75
1.000000 0.000000 -0.000000 0.000000
0.000000 0.995437 -0.095421 0.000000
-0.000000 0.095421 0.995437 -0.000000
0.000000 0.000000 -0.000000 1.000000
1.000000 0.000000 0.000000 0.000000
0.000000 1.000000 0.000000 0.000000
0.000000 0.000000 1.000000 0.000000
0.000000 0.000000 0.000000 1.000000
BoneName: mixamorig1:LeftHandThumb3_$AssimpFbx$_Rotation
BoneIdx: 75
BoneParentIdx: 74
BoneChildrenCount: 1
28
1.000000 0.000000 -0.000000 0.000000
0.000000 1.000000 -0.000000 0.000000
-0.000000 -0.000000 1.000000 -0.000000
0.000000 0.000000 -0.000000 1.000000
1.000000 0.000000 0.000000 0.000000
0.000000 1.000000 0.000000 0.000000
0.000000 0.000000 1.000000 0.000000
0.000000 0.000000 0.000000 1.000000
BoneName: mixamorig1:LeftHandThumb4
BoneIdx: 76
BoneParentIdx: 28
BoneChildrenCount: 0
1.000000 0.000000 -0.000000 0.000000
0.000000 1.000000 -0.000000 0.000000
-0.000000 -0.000000 1.000000 -0.000000
0.000082 0.024731 -0.000000 1.000000
1.000000 0.000000 0.000000 0.000000
0.000000 1.000000 0.000000 0.000000
0.000000 0.000000 1.000000 0.000000
0.000000 0.000000 0.000000 1.000000
BoneName: mixamorig1:LeftHandIndex1_$AssimpFbx$_Translation
BoneIdx: 77
BoneParentIdx: 9
BoneChildrenCount: 1
78
1.000000 0.000000 -0.000000 0.000000
0.000000 1.000000 -0.000000 0.000000
-0.000000 -0.000000 1.000000 -0.000000
-0.031464 0.111647 -0.001278 1.000000
1.000000 0.000000 0.000000 0.000000
0.000000 1.000000 0.000000 0.000000
0.000000 0.000000 1.000000 0.000000
0.000000 0.000000 0.000000 1.000000
BoneName: mixamorig1:LeftHandIndex1_$AssimpFbx$_PreRotation
BoneIdx: 78
BoneParentIdx: 77
BoneChildrenCount: 1
79
0.949275 0.314446 0.000000 0.000000
-0.313871 0.947540 0.060433 0.000000
0.019003 -0.057368 0.998172 -0.000000
0.000000 0.000000 -0.000000 1.000000
1.000000 0.000000 0.000000 0.000000
0.000000 1.000000 0.000000 0.000000
0.000000 0.000000 1.000000 0.000000
0.000000 0.000000 0.000000 1.000000
BoneName: mixamorig1:LeftHandIndex1_$AssimpFbx$_Rotation
BoneIdx: 79
BoneParentIdx: 78
BoneChildrenCount: 1
29
1.000000 0.000000 -0.000000 0.000000
0.000000 1.000000 -0.000000 0.000000
-0.000000 -0.000000 1.000000 -0.000000
0.000000 0.000000 -0.000000 1.000000
1.000000 0.000000 0.000000 0.000000
0.000000 1.000000 0.000000 0.000000
0.000000 0.000000 1.000000 0.000000
0.000000 0.000000 0.000000 1.000000
BoneName: mixamorig1:LeftHandIndex2_$AssimpFbx$_Translation
BoneIdx: 80
BoneParentIdx: 29
BoneChildrenCount: 1
81
1.000000 0.000000 -0.000000 0.000000
0.000000 1.000000 -0.000000 0.000000
-0.000000 -0.000000 1.000000 -0.000000
-0.000001 0.038086 -0.000000 1.000000
1.000000 0.000000 0.000000 0.000000
0.000000 1.000000 0.000000 0.000000
0.000000 0.000000 1.000000 0.000000
0.000000 0.000000 0.000000 1.000000
BoneName: mixamorig1:LeftHandIndex2_$AssimpFbx$_PreRotation
BoneIdx: 81
BoneParentIdx: 80
BoneChildrenCount: 1
82
1.000000 0.000000 -0.000000 0.000000
0.000000 0.999760 0.021927 0.000000
-0.000000 -0.021927 0.999760 -0.000000
0.000000 0.000000 -0.000000 1.000000
1.000000 0.000000 0.000000 0.000000
0.000000 1.000000 0.000000 0.000000
0.000000 0.000000 1.000000 0.000000
0.000000 0.000000 0.000000 1.000000
BoneName: mixamorig1:LeftHandIndex2_$AssimpFbx$_Rotation
BoneIdx: 82
BoneParentIdx: 81
BoneChildrenCount: 1
31
1.000000 0.000000 -0.000000 0.000000
0.000000 1.000000 -0.000000 0.000000
-0.000000 -0.000000 1.000000 -0.000000
0.000000 0.000000 -0.000000 1.000000
1.000000 0.000000 0.000000 0.000000
0.000000 1.000000 0.000000 0.000000
0.000000 0.000000 1.000000 0.000000
0.000000 0.000000 0.000000 1.000000
BoneName: mixamorig1:LeftHandIndex3_$AssimpFbx$_Translation
BoneIdx: 83
BoneParentIdx: 31
BoneChildrenCount: 1
84
1.000000 0.000000 -0.000000 0.000000
0.000000 1.000000 -0.000000 0.000000
-0.000000 -0.000000 1.000000 -0.000000
-0.000008 0.035652 0.000000 1.000000
1.000000 0.000000 0.000000 0.000000
0.000000 1.000000 0.000000 0.000000
0.000000 0.000000 1.000000 0.000000
0.000000 0.000000 0.000000 1.000000
BoneName: mixamorig1:LeftHandIndex3_$AssimpFbx$_PreRotation
BoneIdx: 84
BoneParentIdx: 83
BoneChildrenCount: 1
85
1.000000 0.000000 -0.000000 0.000000
0.000000 0.998480 -0.055115 0.000000
-0.000000 0.055115 0.998480 -0.000000
0.000000 0.000000 -0.000000 1.000000
1.000000 0.000000 0.000000 0.000000
0.000000 1.000000 0.000000 0.000000
0.000000 0.000000 1.000000 0.000000
0.000000 0.000000 0.000000 1.000000
BoneName: mixamorig1:LeftHandIndex3_$AssimpFbx$_Rotation
BoneIdx: 85
BoneParentIdx: 84
BoneChildrenCount: 1
34
1.000000 0.000000 -0.000000 0.000000
0.000000 1.000000 -0.000000 0.000000
-0.000000 -0.000000 1.000000 -0.000000
0.000000 0.000000 -0.000000 1.000000
1.000000 0.000000 0.000000 0.000000
0.000000 1.000000 0.000000 0.000000
0.000000 0.000000 1.000000 0.000000
0.000000 0.000000 0.000000 1.000000
BoneName: mixamorig1:LeftHandIndex4
BoneIdx: 86
BoneParentIdx: 34
BoneChildrenCount: 0
1.000000 0.000000 -0.000000 0.000000
0.000000 1.000000 -0.000000 0.000000
-0.000000 -0.000000 1.000000 -0.000000
0.000009 0.023606 0.000000 1.000000
1.000000 0.000000 0.000000 0.000000
0.000000 1.000000 0.000000 0.000000
0.000000 0.000000 1.000000 0.000000
0.000000 0.000000 0.000000 1.000000
BoneName: mixamorig1:LeftHandMiddle1_$AssimpFbx$_Translation
BoneIdx: 87
BoneParentIdx: 9
BoneChildrenCount: 1
88
1.000000 0.000000 -0.000000 0.000000
0.000000 1.000000 -0.000000 0.000000
-0.000000 -0.000000 1.000000 -0.000000
-0.000694 0.113225 0.000416 1.000000
1.000000 0.000000 0.000000 0.000000
0.000000 1.000000 0.000000 0.000000
0.000000 0.000000 1.000000 0.000000
0.000000 0.000000 0.000000 1.000000
BoneName: mixamorig1:LeftHandMiddle1_$AssimpFbx$_PreRotation
BoneIdx: 88
BoneParentIdx: 87
BoneChildrenCount: 1
89
0.999994 -0.003384 -0.000000 0.000000
0.003384 0.999946 0.009808 0.000000
-0.000033 -0.009808 0.999952 -0.000000
0.000000 0.000000 -0.000000 1.000000
1.000000 0.000000 0.000000 0.000000
0.000000 1.000000 0.000000 0.000000
0.000000 0.000000 1.000000 0.000000
0.000000 0.000000 0.000000 1.000000
BoneName: mixamorig1:LeftHandMiddle1_$AssimpFbx$_Rotation
BoneIdx: 89
BoneParentIdx: 88
BoneChildrenCount: 1
25
1.000000 0.000000 -0.000000 0.000000
0.000000 1.000000 -0.000000 0.000000
-0.000000 -0.000000 1.000000 -0.000000
0.000000 0.000000 -0.000000 1.000000
1.000000 0.000000 0.000000 0.000000
0.000000 1.000000 0.000000 0.000000
0.000000 0.000000 1.000000 0.000000
0.000000 0.000000 0.000000 1.000000
BoneName: mixamorig1:LeftHandMiddle2_$AssimpFbx$_Translation
BoneIdx: 90
BoneParentIdx: 25
BoneChildrenCount: 1
91
1.000000 0.000000 -0.000000 0.000000
0.000000 1.000000 -0.000000 0.000000
-0.000000 -0.000000 1.000000 -0.000000
-0.000036 0.038235 -0.000000 1.000000
1.000000 0.000000 0.000000 0.000000
0.000000 1.000000 0.000000 0.000000
0.000000 0.000000 1.000000 0.000000
0.000000 0.000000 0.000000 1.000000
BoneName: mixamorig1:LeftHandMiddle2_$AssimpFbx$_PreRotation
BoneIdx: 91
BoneParentIdx: 90
BoneChildrenCount: 1
92
1.000000 0.000000 -0.000000 0.000000
0.000000 0.997889 0.064938 0.000000
-0.000000 -0.064938 0.997889 -0.000000
0.000000 0.000000 -0.000000 1.000000
1.000000 0.000000 0.000000 0.000000
0.000000 1.000000 0.000000 0.000000
0.000000 0.000000 1.000000 0.000000
0.000000 0.000000 0.000000 1.000000
BoneName: mixamorig1:LeftHandMiddle2_$AssimpFbx$_Rotation
BoneIdx: 92
BoneParentIdx: 91
BoneChildrenCount: 1
32
1.000000 0.000000 -0.000000 0.000000
0.000000 1.000000 -0.000000 0.000000
-0.000000 -0.000000 1.000000 -0.000000
0.000000 0.000000 -0.000000 1.000000
1.000000 0.000000 0.000000 0.000000
0.000000 1.000000 0.000000 0.000000
0.000000 0.000000 1.000000 0.000000
0.000000 0.000000 0.000000 1.000000
BoneName: mixamorig1:LeftHandMiddle3_$AssimpFbx$_Translation
BoneIdx: 93
BoneParentIdx: 32
BoneChildrenCount: 1
94
1.000000 0.000000 -0.000000 0.000000
0.000000 1.000000 -0.000000 0.000000
-0.000000 -0.000000 1.000000 -0.000000
0.000014 0.038648 0.000000 1.000000
1.000000 0.000000 0.000000 0.000000
0.000000 1.000000 0.000000 0.000000
0.000000 0.000000 1.000000 0.000000
0.000000 0.000000 0.000000 1.000000
BoneName: mixamorig1:LeftHandMiddle3_$AssimpFbx$_PreRotation
BoneIdx: 94
BoneParentIdx: 93
BoneChildrenCount: 1
95
1.000000 0.000000 -0.000000 0.000000
0.000000 0.999567 0.029425 0.000000
-0.000000 -0.029425 0.999567 -0.000000
0.000000 0.000000 -0.000000 1.000000
1.000000 0.000000 0.000000 0.000000
0.000000 1.000000 0.000000 0.000000
0.000000 0.000000 1.000000 0.000000
0.000000 0.000000 0.000000 1.000000
BoneName: mixamorig1:LeftHandMiddle3_$AssimpFbx$_Rotation
BoneIdx: 95
BoneParentIdx: 94
BoneChildrenCount: 1
35
1.000000 0.000000 -0.000000 0.000000
0.000000 1.000000 -0.000000 0.000000
-0.000000 -0.000000 1.000000 -0.000000
0.000000 0.000000 -0.000000 1.000000
1.000000 0.000000 0.000000 0.000000
0.000000 1.000000 0.000000 0.000000
0.000000 0.000000 1.000000 0.000000
0.000000 0.000000 0.000000 1.000000
BoneName: mixamorig1:LeftHandMiddle4
BoneIdx: 96
BoneParentIdx: 35
BoneChildrenCount: 0
1.000000 0.000000 -0.000000 0.000000
0.000000 1.000000 -0.000000 0.000000
-0.000000 -0.000000 1.000000 -0.000000
0.000022 0.025723 -0.000000 1.000000
1.000000 0.000000 0.000000 0.000000
0.000000 1.000000 0.000000 0.000000
0.000000 0.000000 1.000000 0.000000
0.000000 0.000000 0.000000 1.000000
BoneName: mixamorig1:LeftHandRing1_$AssimpFbx$_Translation
BoneIdx: 97
BoneParentIdx: 9
BoneChildrenCount: 1
98
1.000000 0.000000 -0.000000 0.000000
0.000000 1.000000 -0.000000 0.000000
-0.000000 -0.000000 1.000000 -0.000000
0.032158 0.106964 0.000519 1.000000
1.000000 0.000000 0.000000 0.000000
0.000000 1.000000 0.000000 0.000000
0.000000 0.000000 1.000000 0.000000
0.000000 0.000000 0.000000 1.000000
BoneName: mixamorig1:LeftHandRing1_$AssimpFbx$_PreRotation
BoneIdx: 98
BoneParentIdx: 97
BoneChildrenCount: 1
99
0.952474 -0.304619 -0.000000 0.000000
0.303985 0.950495 -0.064437 0.000000
0.019629 0.061374 0.997922 -0.000000
0.000000 0.000000 -0.000000 1.000000
1.000000 0.000000 0.000000 0.000000
0.000000 1.000000 0.000000 0.000000
0.000000 0.000000 1.000000 0.000000
0.000000 0.000000 0.000000 1.000000
BoneName: mixamorig1:LeftHandRing1_$AssimpFbx$_Rotation
BoneIdx: 99
BoneParentIdx: 98
BoneChildrenCount: 1
10
1.000000 0.000000 -0.000000 0.000000
0.000000 1.000000 -0.000000 0.000000
-0.000000 -0.000000 1.000000 -0.000000
0.000000 0.000000 -0.000000 1.000000
1.000000 0.000000 0.000000 0.000000
0.000000 1.000000 0.000000 0.000000
0.000000 0.000000 1.000000 0.000000
0.000000 0.000000 0.000000 1.000000
BoneName: mixamorig1:LeftHandRing2_$AssimpFbx$_Translation
BoneIdx: 100
BoneParentIdx: 10
BoneChildrenCount: 1
101
1.000000 0.000000 -0.000000 0.000000
0.000000 1.000000 -0.000000 0.000000
-0.000000 -0.000000 1.000000 -0.000000
-0.000166 0.034699 0.000000 1.000000
1.000000 0.000000 0.000000 0.000000
0.000000 1.000000 0.000000 0.000000
